what,kind,bundleId,bundleVersion,description,time
java.vm.name,sysinfo,,,"Java HotSpot(TM) 64-Bit Server VM",1492615428459
java.vm.specification.name,sysinfo,,,"Java Virtual Machine Specification",1492615428459
java.vm.specification.vendor,sysinfo,,,"Oracle Corporation",1492615428459
java.vm.specification.version,sysinfo,,,"1.8",1492615428459
java.vm.vendor,sysinfo,,,"Oracle Corporation",1492615428459
java.vm.version,sysinfo,,,"25.111-b14",1492615428459
activated,view,org.eclipse.ui.navigator.resources,3.4.300.v20110928-1505,"org.eclipse.ui.navigator.ProjectExplorer",1492615428505
started,bundle,org.eclipse.ui.views.properties.tabbed,3.5.200.v20110928-1505,"org.eclipse.ui.views.properties.tabbed",1492615428533
activated,editor,org.eclipse.emf.ecore.editor,2.7.0.v20120130-0943,"org.eclipse.emf.ecore.presentation.ReflectiveEditorID",1492615428650
activated,view,org.eclipse.ui.navigator.resources,3.4.300.v20110928-1505,"org.eclipse.ui.navigator.ProjectExplorer",1492615428680
closed,editor,org.eclipse.emf.ecore.editor,2.7.0.v20120130-0943,"org.eclipse.emf.ecore.presentation.ReflectiveEditorID",1492615428684
started,bundle,org.eclipse.epp.usagedata.ui,1.3.1.R201106061540,"org.eclipse.epp.usagedata.ui",1492615429545
deactivated,workbench,org.eclipse.ui.workbench,3.7.1.v20120104-1859,"",1492615430035
error,log,,,"Problems occurred when invoking code from plug-in: ""org.eclipse.ui.navigator"".",1492615434661
error,log,,,"An exception occurred invoking extension: org.eclipse.ui.navigator.resourceContent for object P/EcoreModelsGenerator",1492615434663
activated,workbench,org.eclipse.ui.workbench,3.7.1.v20120104-1859,"",1492615434808
opened,view,org.eclipse.ui.ide,3.7.0.v20110928-1505,"org.eclipse.ui.views.ProblemView",1492615435059
started,bundle,org.eclipse.jgit,1.3.0.201202151440-r,"org.eclipse.jgit",1492615435899
started,bundle,org.eclipse.egit.core,1.3.0.201202151440-r,"org.eclipse.egit.core",1492615435933
started,bundle,org.eclipse.egit.ui,1.3.0.201202151440-r,"org.eclipse.egit.ui",1492615435970
started,bundle,org.eclipse.jdt.apt.core,3.3.500.v20110420-1015,"org.eclipse.jdt.apt.core",1492615436257
started,bundle,org.eclipse.m2m.atl.adt,3.2.1.v20110914-0724,"org.eclipse.m2m.atl.adt",1492615436723
started,bundle,org.eclipse.m2m.atl.engine,3.2.1.v20110914-0724,"org.eclipse.m2m.atl.engine",1492615436728
started,bundle,org.eclipse.m2m.atl.common,3.2.1.v20110914-0724,"org.eclipse.m2m.atl.common",1492615436729
started,bundle,org.eclipse.jdt.apt.pluggable.core,1.0.400.v20110305-1450,"org.eclipse.jdt.apt.pluggable.core",1492615436739
started,bundle,org.eclipse.pde.build,3.7.0.v20111116-2009,"org.eclipse.pde.build",1492615437164
started,bundle,org.eclipse.compare.core,3.5.200.I20110208-0800,"org.eclipse.compare.core",1492615439599
started,bundle,org.eclipse.compare,3.5.202.R37x_v20111109-0800,"org.eclipse.compare",1492615439604
executed,command,org.eclipse.m2m.atl.adt.ui,3.2.1.v20110914-0724,"org.eclipse.m2m.atl.adt.ui.registerMetamodel",1492615441472
started,bundle,org.eclipse.m2m.atl.core,3.2.1.v20110914-0724,"org.eclipse.m2m.atl.core",1492615441503
started,bundle,org.eclipse.m2m.atl.engine.emfvm,3.2.1.v20110914-0724,"org.eclipse.m2m.atl.engine.emfvm",1492615441506
started,bundle,org.eclipse.m2m.atl.dsls,3.2.1.v20110914-0724,"org.eclipse.m2m.atl.dsls",1492615441625
executed,command,org.eclipse.ui,3.7.0.v20110928-1505,"org.eclipse.ui.file.refresh",1492615443537
opened,editor,org.eclipse.emf.ecore.editor,2.7.0.v20120130-0943,"org.eclipse.emf.ecore.presentation.ReflectiveEditorID",1492615446164
activated,editor,org.eclipse.emf.ecore.editor,2.7.0.v20120130-0943,"org.eclipse.emf.ecore.presentation.ReflectiveEditorID",1492615446173
activated,view,org.eclipse.ui.navigator.resources,3.4.300.v20110928-1505,"org.eclipse.ui.navigator.ProjectExplorer",1492615450703
opened,editor,org.eclipse.emf.ecore.editor,2.7.0.v20120130-0943,"org.eclipse.emf.ecore.presentation.ReflectiveEditorID",1492615451546
activated,editor,org.eclipse.emf.ecore.editor,2.7.0.v20120130-0943,"org.eclipse.emf.ecore.presentation.ReflectiveEditorID",1492615451554
deactivated,workbench,org.eclipse.ui.workbench,3.7.1.v20120104-1859,"",1492615459681
activated,workbench,org.eclipse.ui.workbench,3.7.1.v20120104-1859,"",1492615509100
activated,view,org.eclipse.ui.navigator.resources,3.4.300.v20110928-1505,"org.eclipse.ui.navigator.ProjectExplorer",1492615509116
opened,editor,org.eclipse.emf.ecore.editor,2.7.0.v20120130-0943,"org.eclipse.emf.ecore.presentation.ReflectiveEditorID",1492615509952
activated,editor,org.eclipse.emf.ecore.editor,2.7.0.v20120130-0943,"org.eclipse.emf.ecore.presentation.ReflectiveEditorID",1492615509961
activated,view,org.eclipse.ui.navigator.resources,3.4.300.v20110928-1505,"org.eclipse.ui.navigator.ProjectExplorer",1492615512511
opened,editor,org.eclipse.emf.ecore.editor,2.7.0.v20120130-0943,"org.eclipse.emf.ecore.presentation.ReflectiveEditorID",1492615513184
activated,editor,org.eclipse.emf.ecore.editor,2.7.0.v20120130-0943,"org.eclipse.emf.ecore.presentation.ReflectiveEditorID",1492615513194
no handler,command,org.eclipse.ui,3.7.0.v20110928-1505,"org.eclipse.ui.edit.findReplace",1492615527767
no handler,command,org.eclipse.ui,3.7.0.v20110928-1505,"org.eclipse.ui.edit.findReplace",1492615529303
deactivated,workbench,org.eclipse.ui.workbench,3.7.1.v20120104-1859,"",1492615530451
activated,workbench,org.eclipse.ui.workbench,3.7.1.v20120104-1859,"",1492615540858
activated,view,org.eclipse.ui.navigator.resources,3.4.300.v20110928-1505,"org.eclipse.ui.navigator.ProjectExplorer",1492615540878
opened,editor,org.eclipse.emf.ecore.editor,2.7.0.v20120130-0943,"org.eclipse.emf.ecore.presentation.ReflectiveEditorID",1492615541556
activated,editor,org.eclipse.emf.ecore.editor,2.7.0.v20120130-0943,"org.eclipse.emf.ecore.presentation.ReflectiveEditorID",1492615541563
activated,view,org.eclipse.ui.navigator.resources,3.4.300.v20110928-1505,"org.eclipse.ui.navigator.ProjectExplorer",1492615545486
opened,editor,org.eclipse.emf.ecore.editor,2.7.0.v20120130-0943,"org.eclipse.emf.ecore.presentation.ReflectiveEditorID",1492615546523
activated,editor,org.eclipse.emf.ecore.editor,2.7.0.v20120130-0943,"org.eclipse.emf.ecore.presentation.ReflectiveEditorID",1492615546530
activated,view,org.eclipse.ui.navigator.resources,3.4.300.v20110928-1505,"org.eclipse.ui.navigator.ProjectExplorer",1492615548894
opened,editor,org.eclipse.emf.ecore.editor,2.7.0.v20120130-0943,"org.eclipse.emf.ecore.presentation.ReflectiveEditorID",1492615549431
activated,editor,org.eclipse.emf.ecore.editor,2.7.0.v20120130-0943,"org.eclipse.emf.ecore.presentation.ReflectiveEditorID",1492615549438
activated,view,org.eclipse.ui.navigator.resources,3.4.300.v20110928-1505,"org.eclipse.ui.navigator.ProjectExplorer",1492615554199
opened,editor,org.eclipse.emf.ecore.editor,2.7.0.v20120130-0943,"org.eclipse.emf.ecore.presentation.ReflectiveEditorID",1492615554916
activated,editor,org.eclipse.emf.ecore.editor,2.7.0.v20120130-0943,"org.eclipse.emf.ecore.presentation.ReflectiveEditorID",1492615554923
activated,view,org.eclipse.ui.navigator.resources,3.4.300.v20110928-1505,"org.eclipse.ui.navigator.ProjectExplorer",1492615580368
opened,editor,org.eclipse.emf.ecore.editor,2.7.0.v20120130-0943,"org.eclipse.emf.ecore.presentation.ReflectiveEditorID",1492615581154
activated,editor,org.eclipse.emf.ecore.editor,2.7.0.v20120130-0943,"org.eclipse.emf.ecore.presentation.ReflectiveEditorID",1492615581161
activated,view,org.eclipse.ui.navigator.resources,3.4.300.v20110928-1505,"org.eclipse.ui.navigator.ProjectExplorer",1492615590025
opened,editor,org.eclipse.emf.ecore.editor,2.7.0.v20120130-0943,"org.eclipse.emf.ecore.presentation.ReflectiveEditorID",1492615590630
activated,editor,org.eclipse.emf.ecore.editor,2.7.0.v20120130-0943,"org.eclipse.emf.ecore.presentation.ReflectiveEditorID",1492615590637
activated,view,org.eclipse.ui.navigator.resources,3.4.300.v20110928-1505,"org.eclipse.ui.navigator.ProjectExplorer",1492615593518
opened,editor,org.eclipse.emf.ecore.editor,2.7.0.v20120130-0943,"org.eclipse.emf.ecore.presentation.ReflectiveEditorID",1492615594180
activated,editor,org.eclipse.emf.ecore.editor,2.7.0.v20120130-0943,"org.eclipse.emf.ecore.presentation.ReflectiveEditorID",1492615594187
activated,view,org.eclipse.ui.navigator.resources,3.4.300.v20110928-1505,"org.eclipse.ui.navigator.ProjectExplorer",1492615596234
opened,editor,org.eclipse.emf.ecore.editor,2.7.0.v20120130-0943,"org.eclipse.emf.ecore.presentation.ReflectiveEditorID",1492615596827
activated,editor,org.eclipse.emf.ecore.editor,2.7.0.v20120130-0943,"org.eclipse.emf.ecore.presentation.ReflectiveEditorID",1492615596834
activated,view,org.eclipse.ui.navigator.resources,3.4.300.v20110928-1505,"org.eclipse.ui.navigator.ProjectExplorer",1492615603546
opened,editor,org.eclipse.emf.ecore.editor,2.7.0.v20120130-0943,"org.eclipse.emf.ecore.presentation.ReflectiveEditorID",1492615604230
activated,editor,org.eclipse.emf.ecore.editor,2.7.0.v20120130-0943,"org.eclipse.emf.ecore.presentation.ReflectiveEditorID",1492615604236
activated,view,org.eclipse.ui.navigator.resources,3.4.300.v20110928-1505,"org.eclipse.ui.navigator.ProjectExplorer",1492615610002
started,bundle,org.eclipse.gmf.runtime.diagram.core,1.4.1.v20101221-2230,"org.eclipse.gmf.runtime.diagram.core",1492615611383
started,bundle,org.eclipse.emf.ecoretools.diagram,1.0.0.v20110601-1615,"org.eclipse.emf.ecoretools.diagram",1492615611384
started,bundle,org.eclipse.emf.transaction,1.4.0.v20100331-1738,"org.eclipse.emf.transaction",1492615611408
started,bundle,org.eclipse.emf.workspace,1.5.1.v20110823-1800,"org.eclipse.emf.workspace",1492615611408
started,bundle,org.eclipse.gmf.runtime.emf.core,1.4.1.v20101222-2230,"org.eclipse.gmf.runtime.emf.core",1492615611409
started,bundle,org.eclipse.emf.ecore.change,2.7.1.v20120127-1122,"org.eclipse.emf.ecore.change",1492615611431
started,bundle,org.eclipse.emf.validation,1.4.0.v20100428-2315,"org.eclipse.emf.validation",1492615611467
started,bundle,org.eclipse.gmf.runtime.notation,1.5.0.v20110309-2159,"org.eclipse.gmf.runtime.notation",1492615611500
started,bundle,org.eclipse.gmf.runtime.common.core,1.4.1.v20101119-2230,"org.eclipse.gmf.runtime.common.core",1492615611502
started,bundle,org.eclipse.gmf.runtime.diagram.ui,1.5.0.v20110309-2230,"org.eclipse.gmf.runtime.diagram.ui",1492615611633
deactivated,workbench,org.eclipse.ui.workbench,3.7.1.v20120104-1859,"",1492615611648
started,bundle,org.eclipse.gmf.runtime.emf.commands.core,1.4.0.v20100423-2359,"org.eclipse.gmf.runtime.emf.commands.core",1492615614399
started,bundle,org.eclipse.emf.validation.ui,1.3.0.v200901271722,"org.eclipse.emf.validation.ui",1492615614559
started,bundle,org.eclipse.gmf.runtime.emf.type.core,1.4.0.v20100423-2359,"org.eclipse.gmf.runtime.emf.type.core",1492615614625
started,bundle,org.eclipse.draw2d,3.7.2.v20111017-2020,"org.eclipse.draw2d",1492615614648
started,bundle,org.eclipse.gmf.runtime.common.ui,1.5.0.v20101221-2230,"org.eclipse.gmf.runtime.common.ui",1492615614682
started,bundle,org.eclipse.gmf.runtime.draw2d.ui,1.5.0.v20110505-2230,"org.eclipse.gmf.runtime.draw2d.ui",1492615614712
started,bundle,org.eclipse.gef,3.7.2.v20111106-2020,"org.eclipse.gef",1492615614843
started,bundle,org.eclipse.gmf.runtime.diagram.ui.render,1.4.1.v20101119-2230,"org.eclipse.gmf.runtime.diagram.ui.render",1492615614921
started,bundle,org.eclipse.gmf.runtime.gef.ui,1.4.1.v20101222-2230,"org.eclipse.gmf.runtime.gef.ui",1492615614930
started,bundle,org.eclipse.gmf.runtime.draw2d.ui.render,1.4.1.v20101119-2230,"org.eclipse.gmf.runtime.draw2d.ui.render",1492615614933
started,bundle,org.eclipse.gmf.runtime.diagram.ui.providers,1.5.0.v20110216-2230,"org.eclipse.gmf.runtime.diagram.ui.providers",1492615615045
started,bundle,org.eclipse.gmf.runtime.common.ui.services,1.3.1.v20101118-2230,"org.eclipse.gmf.runtime.common.ui.services",1492615615073
started,bundle,org.eclipse.gmf.runtime.emf.ui,1.2.0.v20090403-1720,"org.eclipse.gmf.runtime.emf.ui",1492615615082
started,bundle,org.eclipse.gmf.runtime.notation.edit,1.4.0.v20100512-1416,"org.eclipse.gmf.runtime.notation.edit",1492615615119
started,bundle,org.eclipse.emf.eef.runtime,1.0.2.v20120216-1513,"org.eclipse.emf.eef.runtime",1492615615542
started,bundle,org.eclipse.gmf.runtime.diagram.ui.resources.editor,1.4.1.v20101119-2230,"org.eclipse.gmf.runtime.diagram.ui.resources.editor",1492615615617
started,bundle,org.eclipse.gmf.runtime.common.ui.action,1.5.0.v20110607-1200,"org.eclipse.gmf.runtime.common.ui.action",1492615615632
started,bundle,org.eclipse.gmf.runtime.common.ui.services.action,1.4.0.v20100430-1518,"org.eclipse.gmf.runtime.common.ui.services.action",1492615615633
started,bundle,org.eclipse.gmf.runtime.diagram.ui.actions,1.4.1.v20101221-2230,"org.eclipse.gmf.runtime.diagram.ui.actions",1492615615651
started,bundle,org.eclipse.emf.ecoretools.filters,1.0.0.v20110601-1615,"org.eclipse.emf.ecoretools.filters",1492615615721
started,bundle,org.eclipse.gmf.runtime.diagram.ui.providers.ide,1.2.0.v20090403-1720,"org.eclipse.gmf.runtime.diagram.ui.providers.ide",1492615615722
started,bundle,org.eclipse.gmf.runtime.common.ui.action.ide,1.5.0.v20101221-2230,"org.eclipse.gmf.runtime.common.ui.action.ide",1492615615723
started,bundle,org.eclipse.gmf.runtime.diagram.ui.printing,1.4.1.v20101119-2230,"org.eclipse.gmf.runtime.diagram.ui.printing",1492615615728
started,bundle,org.eclipse.gmf.runtime.diagram.ui.printing.render,1.4.1.v20101119-2230,"org.eclipse.gmf.runtime.diagram.ui.printing.render",1492615615728
opened,editor,org.eclipse.emf.ecoretools.diagram,1.0.0.v20110601-1615,"org.eclipse.emf.ecoretools.diagram.part.EcoreDiagramEditorID",1492615616221
started,bundle,org.eclipse.emf.ecoretools.diagram.ui.outline,1.0.0.v20110601-1615,"org.eclipse.emf.ecoretools.diagram.ui.outline",1492615616283
activated,editor,org.eclipse.emf.ecoretools.diagram,1.0.0.v20110601-1615,"org.eclipse.emf.ecoretools.diagram.part.EcoreDiagramEditorID",1492615616379
started,bundle,org.eclipse.gmf.runtime.common.ui.services.properties,1.3.1.v20101221-2230,"org.eclipse.gmf.runtime.common.ui.services.properties",1492615616480
started,bundle,org.eclipse.gmf.runtime.diagram.ui.properties,1.4.2.v20101129-2230,"org.eclipse.gmf.runtime.diagram.ui.properties",1492615616481
started,bundle,org.eclipse.emf.ecoretools.tabbedproperties,1.0.0.v20110601-1614,"org.eclipse.emf.ecoretools.tabbedproperties",1492615616518
started,bundle,org.eclipse.emf.ecoretools.properties,1.0.0.v20110601-1615,"org.eclipse.emf.ecoretools.properties",1492615616519
activated,workbench,org.eclipse.ui.workbench,3.7.1.v20120104-1859,"",1492615616678
started,bundle,org.eclipse.equinox.p2.garbagecollector,1.0.200.v20110815-1419,"org.eclipse.equinox.p2.garbagecollector",1492615723248
deactivated,workbench,org.eclipse.ui.workbench,3.7.1.v20120104-1859,"",1492615829572
activated,workbench,org.eclipse.ui.workbench,3.7.1.v20120104-1859,"",1492615861084
deactivated,workbench,org.eclipse.ui.workbench,3.7.1.v20120104-1859,"",1492615883044
activated,workbench,org.eclipse.ui.workbench,3.7.1.v20120104-1859,"",1492615883741
deactivated,workbench,org.eclipse.ui.workbench,3.7.1.v20120104-1859,"",1492615883761
activated,workbench,org.eclipse.ui.workbench,3.7.1.v20120104-1859,"",1492615885511
closed,workbench,org.eclipse.ui.workbench,3.7.1.v20120104-1859,"",1492615885655
stopped,bundle,org.eclipse.mylyn.ide.ant,3.6.0.v20110608-1400,"org.eclipse.mylyn.ide.ant",1492615886241
stopped,bundle,org.eclipse.emf.eef.codegen.ecore,1.0.2.v20120216-1513,"org.eclipse.emf.eef.codegen.ecore",1492615886241
stopped,bundle,org.eclipse.emf.eef.codegen,1.0.2.v20120216-1513,"org.eclipse.emf.eef.codegen",1492615886242
stopped,bundle,org.eclipse.mylyn.pde.ui,3.6.0.v20110608-1400,"org.eclipse.mylyn.pde.ui",1492615886243
stopped,bundle,org.eclipse.pde.api.tools.ui,1.0.301.v20110803_r371,"org.eclipse.pde.api.tools.ui",1492615886243
stopped,bundle,org.eclipse.pde.ds.ui,1.0.100.v20111213-1754,"org.eclipse.pde.ds.ui",1492615886244
stopped,bundle,org.eclipse.pde.runtime,3.4.201.v20110928-1516,"org.eclipse.pde.runtime",1492615886273
stopped,bundle,org.eclipse.pde.ua.ui,1.0.100.v20110516,"org.eclipse.pde.ua.ui",1492615886274
stopped,bundle,org.eclipse.pde.ui.templates,3.4.400.v20110928-1516,"org.eclipse.pde.ui.templates",1492615886274
stopped,bundle,org.eclipse.xtext.xtext.ui,2.0.1.v201108020636,"org.eclipse.xtext.xtext.ui",1492615886274
stopped,bundle,org.eclipse.pde.ui,3.6.100.v20120103_r372,"org.eclipse.pde.ui",1492615886338
stopped,bundle,org.eclipse.ant.ui,3.5.101.v20120110-1739,"org.eclipse.ant.ui",1492615886341
stopped,bundle,org.eclipse.ant.launching,1.0.101.v20120110-1739,"org.eclipse.ant.launching",1492615886343
stopped,bundle,org.eclipse.compare.win32,1.0.200.I20110510-0800,"org.eclipse.compare.win32",1492615886344
stopped,bundle,org.eclipse.egit.ui,1.3.0.201202151440-r,"org.eclipse.egit.ui",1492615886344
stopped,bundle,org.eclipse.egit.core,1.3.0.201202151440-r,"org.eclipse.egit.core",1492615886344
stopped,bundle,org.eclipse.emf.compare.ui,1.2.2.v20120214-0915,"org.eclipse.emf.compare.ui",1492615886346
stopped,bundle,org.eclipse.equinox.p2.ui.sdk,1.0.200.v20110815-1419,"org.eclipse.equinox.p2.ui.sdk",1492615886349
stopped,bundle,org.eclipse.mylyn.java.tasks,3.6.0.v20110608-1400,"org.eclipse.mylyn.java.tasks",1492615886352
stopped,bundle,org.eclipse.mylyn.java.ui,3.6.0.v20110608-1400,"org.eclipse.mylyn.java.ui",1492615886355
stopped,bundle,org.eclipse.jdt.junit,3.7.0.v20110928-1453,"org.eclipse.jdt.junit",1492615886358
stopped,bundle,org.eclipse.jdt.apt.ui,3.3.300.v20110305-1450,"org.eclipse.jdt.apt.ui",1492615886363
stopped,bundle,org.eclipse.xpand.ui,1.0.1.v201108020519,"org.eclipse.xpand.ui",1492615886363
stopped,bundle,org.eclipse.xtend.check.ui,1.0.1.v201108020519,"org.eclipse.xtend.check.ui",1492615886365
stopped,bundle,org.eclipse.xtend.typesystem.emf.ui,1.0.1.v201108020519,"org.eclipse.xtend.typesystem.emf.ui",1492615886366
stopped,bundle,org.eclipse.xtend.ui,1.0.1.v201108020519,"org.eclipse.xtend.ui",1492615886366
stopped,bundle,org.eclipse.xtend.shared.ui,1.0.1.v201108020519,"org.eclipse.xtend.shared.ui",1492615886368
stopped,bundle,org.eclipse.emf.mwe.ui,1.1.1.v201108020506,"org.eclipse.emf.mwe.ui",1492615886368
stopped,bundle,org.eclipse.xtext.purexbase.ui,2.0.1.v201108020636,"org.eclipse.xtext.purexbase.ui",1492615886369
stopped,bundle,org.eclipse.xtext.purexbase,2.0.1.v201108020636,"org.eclipse.xtext.purexbase",1492615886370
stopped,bundle,org.eclipse.xtext.ui.codetemplates.ui,2.0.1.v201108020636,"org.eclipse.xtext.ui.codetemplates.ui",1492615886371
stopped,bundle,org.eclipse.xtext.ui.codetemplates,2.0.1.v201108020636,"org.eclipse.xtext.ui.codetemplates",1492615886373
stopped,bundle,org.eclipse.xtext.xtend2.ui,2.0.1.v201108020636,"org.eclipse.xtext.xtend2.ui",1492615886374
stopped,bundle,org.eclipse.xtext.xbase.ui,2.0.1.v201108020636,"org.eclipse.xtext.xbase.ui",1492615886375
stopped,bundle,org.eclipse.xtext.xtend2,2.0.1.v201108020636,"org.eclipse.xtext.xtend2",1492615886377
stopped,bundle,org.eclipse.xtext.xbase,2.0.1.v201108020636,"org.eclipse.xtext.xbase",1492615886377
stopped,bundle,org.eclipse.jdt.debug.ui,3.6.1.v20111006_r372,"org.eclipse.jdt.debug.ui",1492615886386
stopped,bundle,org.eclipse.emf.mwe2.language.ui,2.0.1.v201108020809,"org.eclipse.emf.mwe2.language.ui",1492615886387
stopped,bundle,org.eclipse.ocl.examples.xtext.oclstdlib.ui,3.1.1.v20110826-0707,"org.eclipse.ocl.examples.xtext.oclstdlib.ui",1492615886388
stopped,bundle,org.eclipse.ocl.examples.xtext.console,3.1.0.v20110829-0756,"org.eclipse.ocl.examples.xtext.console",1492615886389
stopped,bundle,org.eclipse.ocl.examples.xtext.completeocl.ui,3.1.0.v20110826-0707,"org.eclipse.ocl.examples.xtext.completeocl.ui",1492615886390
stopped,bundle,org.eclipse.ocl.examples.xtext.oclinecore.ui,3.1.0.v20110829-0756,"org.eclipse.ocl.examples.xtext.oclinecore.ui",1492615886391
stopped,bundle,org.eclipse.ocl.examples.xtext.essentialocl.ui,3.1.0.v20110826-0707,"org.eclipse.ocl.examples.xtext.essentialocl.ui",1492615886392
stopped,bundle,org.eclipse.xtext.common.types.shared,2.0.1.v201108020636,"org.eclipse.xtext.common.types.shared",1492615886393
stopped,bundle,org.eclipse.xtext.ui.ecore,2.0.1.v201108020636,"org.eclipse.xtext.ui.ecore",1492615886394
stopped,bundle,org.eclipse.xtext.xtext.ui.graph,2.0.1.v201108020636,"org.eclipse.xtext.xtext.ui.graph",1492615886395
stopped,bundle,org.eclipse.xtext.ui.shared,2.0.1.v201108020636,"org.eclipse.xtext.ui.shared",1492615886396
stopped,bundle,org.eclipse.xtext.builder,2.0.1.v201108020636,"org.eclipse.xtext.builder",1492615886396
activated,perspective,org.eclipse.m2m.atl.adt.ui,,"org.eclipse.m2m.atl.adt.ui.atlPerspective",1492681832110
started,bundle,org.eclipse.osgi,3.7.2.v20120110-1415,"org.eclipse.osgi",1492681832110
started,bundle,org.eclipse.equinox.simpleconfigurator,1.0.200.v20110815-1438,"org.eclipse.equinox.simpleconfigurator",1492681832111
started,bundle,com.ibm.icu,4.4.2.v20110823,"com.ibm.icu",1492681832111
started,bundle,org.eclipse.core.contenttype,3.4.100.v20110423-0524,"org.eclipse.core.contenttype",1492681832111
started,bundle,org.eclipse.core.databinding.observable,1.4.0.I20110222-0800,"org.eclipse.core.databinding.observable",1492681832120
started,bundle,org.eclipse.core.expressions,3.4.300.v20110228,"org.eclipse.core.expressions",1492681832121
started,bundle,org.eclipse.core.filebuffers,3.5.200.v20110928-1504,"org.eclipse.core.filebuffers",1492681832121
started,bundle,org.eclipse.core.filesystem,1.3.100.v20110423-0524,"org.eclipse.core.filesystem",1492681832122
started,bundle,org.eclipse.core.jobs,3.5.101.v20120113-1953,"org.eclipse.core.jobs",1492681832122
started,bundle,org.eclipse.core.net,1.2.100.I20110511-0800,"org.eclipse.core.net",1492681832123
started,bundle,org.eclipse.core.resources,3.7.101.v20120125-1505,"org.eclipse.core.resources",1492681832127
started,bundle,org.eclipse.core.runtime,3.7.0.v20110110,"org.eclipse.core.runtime",1492681832128
started,bundle,org.eclipse.core.runtime.compatibility,3.2.100.v20100505,"org.eclipse.core.runtime.compatibility",1492681832138
started,bundle,org.eclipse.core.runtime.compatibility.auth,3.2.200.v20110110,"org.eclipse.core.runtime.compatibility.auth",1492681832139
started,bundle,org.eclipse.debug.core,3.7.1.v20111129-2031,"org.eclipse.debug.core",1492681832139
started,bundle,org.eclipse.draw2d,3.7.2.v20111017-2020,"org.eclipse.draw2d",1492681832139
started,bundle,org.eclipse.egit.core,1.3.0.201202151440-r,"org.eclipse.egit.core",1492681832139
started,bundle,org.eclipse.egit.ui,1.3.0.201202151440-r,"org.eclipse.egit.ui",1492681832156
started,bundle,org.eclipse.emf.common,2.7.0.v20120127-1122,"org.eclipse.emf.common",1492681832156
started,bundle,org.eclipse.emf.common.ui,2.7.0.v20120130-0943,"org.eclipse.emf.common.ui",1492681832156
started,bundle,org.eclipse.emf.ecore,2.7.0.v20120127-1122,"org.eclipse.emf.ecore",1492681832156
started,bundle,org.eclipse.emf.ecore.change,2.7.1.v20120127-1122,"org.eclipse.emf.ecore.change",1492681832157
started,bundle,org.eclipse.emf.ecore.edit,2.7.1.v20120130-0943,"org.eclipse.emf.ecore.edit",1492681832157
started,bundle,org.eclipse.emf.ecore.xmi,2.7.0.v20120127-1122,"org.eclipse.emf.ecore.xmi",1492681832165
started,bundle,org.eclipse.emf.ecoretools.diagram,1.0.0.v20110601-1615,"org.eclipse.emf.ecoretools.diagram",1492681832166
started,bundle,org.eclipse.emf.ecoretools.filters,1.0.0.v20110601-1615,"org.eclipse.emf.ecoretools.filters",1492681832166
started,bundle,org.eclipse.emf.edit,2.7.2.v20120130-0943,"org.eclipse.emf.edit",1492681832166
started,bundle,org.eclipse.emf.edit.ui,2.7.0.v20120130-0943,"org.eclipse.emf.edit.ui",1492681832166
started,bundle,org.eclipse.emf.transaction,1.4.0.v20100331-1738,"org.eclipse.emf.transaction",1492681832166
started,bundle,org.eclipse.emf.validation,1.4.0.v20100428-2315,"org.eclipse.emf.validation",1492681832166
started,bundle,org.eclipse.emf.workspace,1.5.1.v20110823-1800,"org.eclipse.emf.workspace",1492681832166
started,bundle,org.eclipse.epp.mpc.ui,1.1.1.I20110907-0947,"org.eclipse.epp.mpc.ui",1492681832166
started,bundle,org.eclipse.epp.usagedata.gathering,1.3.1.R201106061540,"org.eclipse.epp.usagedata.gathering",1492681832166
started,bundle,org.eclipse.epp.usagedata.recording,1.3.1.R201106061540,"org.eclipse.epp.usagedata.recording",1492681832166
started,bundle,org.eclipse.equinox.app,1.3.100.v20110321,"org.eclipse.equinox.app",1492681832167
started,bundle,org.eclipse.equinox.common,3.6.0.v20110523,"org.eclipse.equinox.common",1492681832167
started,bundle,org.eclipse.equinox.ds,1.3.1.R37x_v20110701,"org.eclipse.equinox.ds",1492681832167
started,bundle,org.eclipse.equinox.event,1.2.100.v20110502,"org.eclipse.equinox.event",1492681832167
started,bundle,org.eclipse.equinox.frameworkadmin,2.0.0.v20110815-1438,"org.eclipse.equinox.frameworkadmin",1492681832168
started,bundle,org.eclipse.equinox.p2.core,2.1.1.v20120113-1346,"org.eclipse.equinox.p2.core",1492681832168
started,bundle,org.eclipse.equinox.p2.directorywatcher,1.0.300.v20110815-1419,"org.eclipse.equinox.p2.directorywatcher",1492681832168
started,bundle,org.eclipse.equinox.p2.engine,2.1.1.R37x_v20111003,"org.eclipse.equinox.p2.engine",1492681832168
started,bundle,org.eclipse.equinox.p2.metadata,2.1.0.v20110815-1419,"org.eclipse.equinox.p2.metadata",1492681832169
started,bundle,org.eclipse.equinox.p2.metadata.repository,1.2.0.v20110815-1419,"org.eclipse.equinox.p2.metadata.repository",1492681832169
started,bundle,org.eclipse.equinox.p2.operations,2.1.1.R37x_v20111111,"org.eclipse.equinox.p2.operations",1492681832169
started,bundle,org.eclipse.equinox.p2.reconciler.dropins,1.1.100.v20110815-1419,"org.eclipse.equinox.p2.reconciler.dropins",1492681832169
started,bundle,org.eclipse.equinox.p2.repository,2.1.1.v20120113-1346,"org.eclipse.equinox.p2.repository",1492681832170
started,bundle,org.eclipse.equinox.p2.ui.sdk.scheduler,1.0.100.v20110815-1419,"org.eclipse.equinox.p2.ui.sdk.scheduler",1492681832170
started,bundle,org.eclipse.equinox.p2.updatechecker,1.1.200.v20110815-1419,"org.eclipse.equinox.p2.updatechecker",1492681832170
